
_____Results dataset-12322_____
training_error: 1.21129
validation_error: 0.78546
test_MASE: 0.86449
test_SMAPE: 0.05074
test_MAE: 0.01258
test_MSE: 0.00022
test_MAPE: 5.0962
