
_____Results dataset-12322_____
training_error: 0.03964
validation_error: 0.01828
test_MAE: 0.04827
test_MASE: 3.31726
test_MSE: 0.00257
test_SMAPE: 0.21702
test_MAPE: 19.39859
