
_____Results dataset-12322_____
training_error: 0.02444
validation_error: 0.01482
test_MAE: 0.01666
test_MASE: 1.14474
test_MSE: 0.00047
test_SMAPE: 0.06886
test_MAPE: 6.51537
