
_____Results dataset-12322_____
training_error: 0.0377
validation_error: 0.04327
test_MAE: 0.0345
test_MASE: 2.37108
test_MSE: 0.0014
test_SMAPE: 0.13243
test_MAPE: 14.39047
