
_____Results dataset-12322_____
training_error: 0.03266
validation_error: 0.01594
test_MAE: 0.0151
test_MASE: 1.03795
test_MSE: 0.00027
test_SMAPE: 0.06076
test_MAPE: 6.10448
