
_____Results dataset-2_____
Testing_MSE: 158182.00252
Testing_MASE: 2.328
Testing_SMAPE: 0.16
Testing_MAE: 358.90983
