
_____Results dataset-12322_____
training_error: 0.0837
validation_error: 0.01603
test_MAE: 0.01831
test_MASE: 1.2586
test_MSE: 0.00057
test_SMAPE: 0.07507
test_MAPE: 7.27331
