
_____Results dataset-2,6,10,11,13,20,22,24,26,27,28,29,32,33,34,39,41,51,54_____
training_error: 0.04634
validation_error: 0.04782
