
_____Results dataset-12322_____
training_error: 0.0354
validation_error: 0.03382
test_MAE: 0.01698
test_MASE: 1.16725
test_MSE: 0.00041
test_SMAPE: 0.07033
test_MAPE: 6.70706
