
_____Results dataset-12322_____
training_error: 0.03716
validation_error: 0.01577
test_MAE: 0.02069
test_MASE: 1.42155
test_MSE: 0.00065
test_SMAPE: 0.08639
test_MAPE: 8.12148
