
_____Results dataset-12322_____
training_error: 0.01921
validation_error: 0.01216
test_MAE: 0.01246
test_MASE: 0.85611
test_MSE: 0.00017
test_SMAPE: 0.05045
test_MAPE: 5.0369
