
_____Results dataset-12322_____
training_error: 0.03856
validation_error: 0.03287
test_MAE: 0.03123
test_MASE: 2.14615
test_MSE: 0.00129
test_SMAPE: 0.12027
test_MAPE: 13.08727
